------------------------------------------------------------------- 
Name: 1 
Date: 2017-12-16 
Number of Terminations: 32 
Number of Bifurcations: 12 
------------------------------------------------------------------- 
------------------------------------------------------------------- 
Terminations : 
------------------------------------------------------------------- 
X          Y     Angle 
232 	  16 	 -0.52 
193 	  25 	 -0.52 
 87 	  43 	 3.14 
229 	  44 	 -0.52 
 64 	  64 	 -2.62 
254 	  72 	 2.09 
258 	  77 	 -1.57 
138 	  83 	 0.00 
230 	  86 	 2.36 
 40 	 116 	 0.79 
206 	 126 	 -0.79 
NaN 	 NaN 	 NaN 
138 	 147 	 -1.05 
137 	 163 	 2.09 
227 	 173 	 -1.57 
205 	 174 	 -2.09 
162 	 176 	 -2.36 
106 	 185 	 -1.57 
243 	 187 	 -2.09 
118 	 198 	 2.62 
102 	 202 	 -1.05 
163 	 211 	 -2.09 
 99 	 234 	 -1.05 
207 	 248 	 0.79 
181 	 252 	 -2.36 
 65 	 255 	 3.14 
131 	 260 	 0.00 
257 	 261 	 1.05 
146 	 262 	 -2.62 
232 	 268 	 1.05 
168 	 270 	 0.52 
106 	 279 	 3.14 
------------------------------------------------------------------- 
Bifurcations : 
------------------------------------------------------------------- 
X          Y     Angle 1     Angle 2    Angle 3 
240 	  34 	 2.62 	 	 -2.09 	 	 0.00 
246 	  36 	 2.62 	 	 1.05 	 	 -0.52 
237 	  40 	 3.14 	 	 1.05 	 	 -0.79 
 50 	  75 	 -2.36 	 	 1.57 	 	 -0.52 
130 	  95 	 2.36 	 	 -2.36 	 	 0.52 
 88 	 101 	 2.62 	 	 -1.57 	 	 0.52 
 78 	 157 	 -2.36 	 	 1.57 	 	 -0.79 
189 	 172 	 -2.62 	 	 1.57 	 	 -1.05 
253 	 204 	 -2.36 	 	 1.57 	 	 -0.52 
118 	 217 	 2.62 	 	 -1.57 	 	 0.52 
116 	 229 	 -2.62 	 	 2.09 	 	 0.00 
135 	 249 	 2.62 	 	 -2.09 	 	 0.00 
