------------------------------------------------------------------- 
Name: ami1.mat 
Date: 2010-04-24 
Number of Terminations: 103 
Number of Bifurcations: 47 
------------------------------------------------------------------- 
------------------------------------------------------------------- 
Terminations : 
------------------------------------------------------------------- 
X          Y     Angle 
  1 	 204 	 9.00 
225 	  12 	 151.00 
 11 	 196 	 14.00 
 89 	  14 	 159.00 
 26 	 152 	 33.00 
 96 	  36 	 104.00 
 35 	 211 	 38.00 
233 	  48 	 286.00 
 52 	  87 	 54.00 
 58 	  54 	 288.00 
 59 	 300 	 62.00 
 50 	  62 	 81.00 
 64 	  64 	 65.00 
300 	  67 	 283.00 
 74 	  45 	 76.00 
261 	  76 	 267.00 
 79 	  91 	 79.00 
283 	  81 	 62.00 
 85 	  40 	 87.00 
 29 	  88 	 93.00 
 89 	  71 	 93.00 
282 	  94 	 91.00 
 94 	 114 	 99.00 
 75 	 100 	 282.00 
102 	  84 	 105.00 
272 	 106 	 61.00 
108 	  54 	 108.00 
 84 	 120 	 96.00 
121 	  57 	 123.00 
 34 	 125 	 91.00 
126 	  61 	 129.00 
249 	 131 	 89.00 
133 	  74 	 137.00 
135 	 141 	 112.00 
142 	  54 	 143.00 
 63 	 144 	 286.00 
146 	  45 	 149.00 
 36 	 150 	 288.00 
154 	  29 	 154.00 
 55 	 154 	 118.00 
157 	  98 	 159.00 
 89 	 161 	 59.00 
162 	  32 	 164.00 
 66 	 166 	 55.00 
167 	  93 	 170.00 
 24 	 177 	 40.00 
182 	  45 	 191.00 
  8 	 191 	 66.00 
198 	  32 	 200.00 
297 	 204 	 34.00 
206 	  56 	 208.00 
245 	 210 	 235.00 
218 	 238 	 219.00 
 10 	 228 	 41.00 
228 	 237 	 230.00 
255 	 234 	 298.00 
239 	 157 	 249.00 
251 	 252 	 61.00 
254 	 149 	 255.00 
243 	 257 	 75.00 
257 	 156 	 260.00 
255 	 265 	 65.00 
273 	  71 	 278.00 
124 	 279 	 204.00 
279 	 218 	 282.00 
247 	 284 	 117.00 
298 	 107 	 300.00 
150 	 300 	 195.00 
300 	 203 	 ------------------------------------------------------------------- 
Bifurcations : 
------------------------------------------------------------------- 
X          Y     Angle 1     Angle 2    Angle 3 
 36 	 261 	 41.00 	 	 158.00 	 	 43.00 
150 	  54 	 162.00 	 	 55.00 	 	 155.00 
 57 	 118 	 69.00 	 	 142.00 	 	 72.00 
116 	  81 	 191.00 	 	 115.00 	 	 250.00 
115 	 157 	 117.00 	 	 291.00 	 	 130.00 
243 	 132 	 112.00 	 	 136.00 	 	 191.00 
142 	 189 	 144.00 	 	 211.00 	 	 147.00 
128 	 150 	 217.00 	 	 151.00 	 	 225.00 
163 	 251 	 167.00 	 	 259.00 	 	 178.00 
117 	 178 	 216.00 	 	 181.00 	 	 192.00 
185 	 114 	 187.00 	 	 160.00 	 	 192.00 
228 	 192 	 286.00 	 	 194.00 	 	 141.00 
201 	 140 	 203.00 	 	 280.00 	 	 204.00 
175 	 210 	 293.00 	 	 213.00 	 	 53.00 
213 	 164 	 216.00 	 	 32.00 	 	 220.00 
281 	 226 	 52.00 	 	 226.00 	 	 225.00 
229 	 273 	 231.00 	 	 57.00 	 	 232.00 
 93 	 246 	 111.00 	 	 280.00 	 	 85.00 
282 	 109 	 292.00 	 	 127.00 	 	 