------------------------------------------------------------------- 
Name: ami3 
Date: 2010-04-24 
Number of Terminations: 75 
Number of Bifurcations: 204 
------------------------------------------------------------------- 
------------------------------------------------------------------- 
Terminations : 
------------------------------------------------------------------- 
X          Y     Angle 
  1 	 117 	 1.00 
189 	   1 	 218.00 
  2 	 107 	 2.00 
200 	   2 	 251.00 
  4 	  92 	 5.00 
287 	   8 	 105.00 
 18 	  75 	 23.00 
286 	  26 	 205.00 
 28 	  77 	 30.00 
 38 	  33 	 93.00 
 40 	 257 	 42.00 
  1 	  43 	 26.00 
 49 	   1 	 49.00 
 45 	  52 	 30.00 
 56 	   1 	 57.00 
292 	  61 	 237.00 
 77 	 269 	 79.00 
 74 	  82 	 58.00 
 83 	 271 	 84.00 
264 	  92 	 79.00 
 98 	  13 	 103.00 
 28 	 103 	 220.00 
143 	   1 	 151.00 
 38 	 165 	 296.00 
171 	 297 	 178.00 
295 	 183 	 130.00 
186 	 280 	 185.00 
288 	 188 	 273.00 
189 	 296 	 197.00 
287 	 201 	 271.00 
204 	  45 	 211.00 
277 	 217 	 9.00 
221 	 275 	 225.00 
 57 	 234 	 277.00 
238 	  41 	 239.00 
 32 	 247 	 289.00 
251 	  69 	 255.00 
 35 	 263 	 67.00 
264 	  13 	 266.00 
288 	 271 	 16.00 
274 	  67 	 275.00 
 35 	 275 	 87.00 
280 	  40 	 282.00 
295 	 285 	 270.00 
293 	 296 	 294.00 
 81 	 299 	 121.00 
299 	 261 	 299.00 
271 	 300 	 145.00 
300 	 170 	 300.00 
204 	 300 	 210.00 
------------------------------------------------------------------- 
Bifurcations : 
------------------------------------------------------------------- 
X          Y     Angle 1     Angle 2    Angle 3 
  7 	 122 	 7.00 	 	 182.00 	 	 11.00 
173 	  12 	 284.00 	 	 13.00 	 	 134.00 
 14 	 218 	 16.00 	 	 151.00 	 	 18.00 
229 	  19 	 280.00 	 	 21.00 	 	 180.00 
 23 	 122 	 23.00 	 	 162.00 	 	 27.00 
176 	  27 	 192.00 	 	 29.00 	 	 136.00 
 29 	 224 	 30.00 	 	 277.00 	 	 30.00 
113 	  31 	 171.00 	 	 32.00 	 	 129.00 
 36 	 232 	 35.00 	 	 199.00 	 	 37.00 
 83 	  37 	 182.00 	 	 38.00 	 	 67.00 
 39 	 121 	 40.00 	 	 142.00 	 	 41.00 
194 	  40 	 240.00 	 	 42.00 	 	 292.00 
 41 	 157 	 42.00 	 	 97.00 	 	 43.00 
216 	  47 	 90.00 	 	 46.00 	 	 152.00 
 46 	 204 	 47.00 	 	 237.00 	 	 48.00 
290 	  51 	 212.00 	 	 50.00 	 	 223.00 
 51 	 183 	 52.00 	 	 98.00 	 	 54.00 
160 	  57 	 194.00 	 	 57.00 	 	 75.00 
 57 	  92 	 59.00 	 	 219.00 	 	 60.00 
171 	  61 	 229.00 	 	 64.00 	 	 166.00 
 65 	 201 	 67.00 	 	 113.00 	 	 67.00 
227 	  69 	 123.00 	 	 68.00 	 	 160.00 
 68 	 179 	 70.00 	 	 272.00 	 	 74.00 
248 	  72 	 289.00 	 	 73.00 	 	 132.00 
 75 	 222 	 76.00 	 	 280.00 	 	 76.00 
126 	  75 	 298.00 	 	 81.00 	 	 200.00 
 82 	 133 	 85.00 	 	 156.00 	 	 88.00 
 31 	  87 	 225.00 	 	 88.00 	 	 237.00 
 90 	 167 	 92.00 	 	 286.00 	 	 93.00 
220 	  94 	 233.00 	 	 94.00 	 	 36.00 
 95 	  54 	 99.00 	 	 138.00 	 	 98.00 
284 	 100 	 50.00 	 	 100.00 	 	 91.00 
103 	 199 	 105.00 	 	 129.00 	 	 107.00 
283 	 107 	 72.00 	 	 108.00 	 	 93.00 
109 	 122 	 108.00 	 	 291.00 	 	 109.00 
 61 	 117 	 262.00 	 	 119.00 	 	 217.00 
120 	  44 	 122.00 	 	 59.00 	 	 123.00 
226 	 124 	 120.00 	 	 125.00 	 	 76.00 
125 	 142 	 128.00 	 	 47.00 	 	 126.00 
170 	 129 	 63.00 	 	 130.00 	 	 132.00 
130 	  72 	 131.00 	 	 145.00 	 	 133.00 
172 	 134 	 264.00 	 	 133.00 	 	 90.00 
135 	  60 	 137.00 	 	 78.00 	 	 136.00 
186 	 137 	 279.00 	 	 137.00 	 	 35.00 
137 	 146 	 137.00 	 	 68.00 	 	 142.00 
178 	 144 	 285.00 	 	 144.00 	 	 64.00 
144 	  74 	 144.00 	 	 152.00 	 	 144.00 
261 	 147 	 277.00 	 	 147.00 	 	 55.00 
148 	 101 	 151.00 	 	 17.00 	 	 151.00 
155 	 152 	 199.00 	 	 153.00 	 	 149.00 
157 	  52 	 157.00 	 	 95.00 	 	 158.00 
104 	 160 	 16.00 	 	 162.00 	 	 253.00 
162 	 271 	 164.00 	 	 200.00 	 	 165.00 
130 	 167 	 22.00 	 	 166.00 	 	 161.00 
166 	 100 	 167.00 	 	 249.00 	 	 173.00 
223 	 175 	 130.00 	 	 177.00 	 	 232.00 
180 	 194 	 181.00 	 	 171.00 	 	 183.00 
 86 	 183 	 53.00 	 	 184.00 	 	 119.00 
184 	 239 	 187.00 	 	 78.00 	 	 186.00 
175 	 190 	 142.00 	 	 191.00 	 	 130.00 
191 	 195 	 192.00 	 	 109.00 	 	 194.00 
188 	 193 	 229.00 	 	 198.00 	 	 106.00 
196 	 154 	 197.00 	 	 147.00 	 	 198.00 
224 	 199 	 204.00 	 	 202.00 	 	 196.00 
204 	 161 	 205.00 	 	 70.00 	 	 208.00 
143 	 209 	 63.00 	 	 209.00 	 	 135.00 
208 	 188 	 211.00 	 	 250.00 	 	 213.00 
265 	 215 	 23.00 	 	 217.00 	 	 233.00 
217 	 111 	 219.00 	 	 262.00 	 	 229.00 
119 	 231 	 84.00 	 	 238.00 	 	 48.00 
238 	  67 	 239.00 	 	 80.00 	 	 241.00 
128 	 242 	 213.00 	 	 244.00 	 	 143.00 
244 	 150 	 245.00 	 	 36.00 	 	 244.00 
164 	 245 	 206.00 	 	 245.00 	 	 156.00 
249 	 223 	 249.00 	 	 199.00 	 	 254.00 
289 	 256 	 155.00 	 	 257.00 	 	 232.00 
265 	 251 	 268.00 	 	 214.00 	 	 269.00 
159 	 273 	 245.00 	 	 282.00 	 	 262.00 
284 	 285 	 287.00 	 	 220.00 	 	 289.00 
237 	 292 	 192.00 	 	 292.00 	 	 199.00 
294 	 223 	 293.00 	 	 245.00 	 	 294.00 
 96 	 296 	 112.00 	 	 