------------------------------------------------------------------- 
Name: ami 
Date: 2010-04-24 
Number of Terminations: 95 
Number of Bifurcations: 23 
------------------------------------------------------------------- 
------------------------------------------------------------------- 
Terminations : 
------------------------------------------------------------------- 
X          Y     Angle 
  3 	   7 	 25.00 
105 	  25 	 124.00 
 27 	 112 	 29.00 
244 	  31 	 90.00 
 34 	  77 	 35.00 
123 	  37 	 257.00 
 38 	 266 	 40.00 
 64 	  40 	 116.00 
 41 	 250 	 41.00 
285 	  45 	 55.00 
 45 	 276 	 48.00 
220 	  50 	 43.00 
 50 	 295 	 63.00 
 28 	  64 	 64.00 
 65 	 255 	 67.00 
 16 	  72 	 40.00 
 73 	 279 	 74.00 
  5 	  75 	 22.00 
 79 	  38 	 83.00 
 20 	  85 	 2.00 
 87 	  43 	 93.00 
137 	  99 	 234.00 
102 	 202 	 106.00 
185 	 106 	 279.00 
107 	 300 	 113.00 
299 	 118 	 17.00 
118 	 198 	 124.00 
 17 	 131 	 260.00 
137 	 163 	 138.00 
 83 	 138 	 147.00 
139 	 293 	 146.00 
262 	 148 	 2.00 
153 	  27 	 159.00 
 26 	 162 	 176.00 
163 	 211 	 164.00 
300 	 168 	 270.00 
170 	 282 	 181.00 
252 	 186 	 24.00 
189 	 296 	 193.00 
 25 	 205 	 2.00 
205 	 174 	 206.00 
126 	 207 	 248.00 
221 	   2 	 226.00 
 13 	 227 	 173.00 
228 	 300 	 229.00 
 44 	 230 	 86.00 
232 	  16 	 232.00 
268 	 243 	 187.00 
244 	 300 	 254.00 
 72 	 257 	 261.00 
258 	  77 	 262.00 
 71 	 268 	 300.00 
270 	 118 	 271.00 
 57 	 277 	 286.00 
279 	 222 	 279.00 
230 	 281 	 78.00 
283 	 300 	 284.00 
159 	 287 	 167.00 
289 	 223 	 289.00 
234 	 290 	 101.00 
291 	 119 	 291.00 
173 	 292 	 135.00 
294 	 156 	 300.00 
289 	 ------------------------------------------------------------------- 
Bifurcations : 
------------------------------------------------------------------- 
X          Y     Angle 1     Angle 2    Angle 3 
 38 	 105 	 50.00 	 	 75.00 	 	 66.00 
 46 	  78 	 157.00 	 	 88.00 	 	 101.00 
116 	 229 	 118.00 	 	 217.00 	 	 130.00 
 95 	 135 	 249.00 	 	 189.00 	 	 172.00 
197 	  17 	 200.00 	 	 11.00 	 	 219.00 
 20 	 237 	 40.00 	 	 240.00 	 	 34.00 
245 	  26 	 246.00 	 	 36.00 	 	 250.00 
 30 	 250 	 20.00 	 	 253.00 	 	 204.00 
256 	  33 	 257.00 	 	 43.00 	 	 266.00 
222 	 