------------------------------------------------------------------- 
Name: fvc1 
Date: 2010-04-24 
Number of Terminations: 109 
Number of Bifurcations: 26 
------------------------------------------------------------------- 
------------------------------------------------------------------- 
Terminations : 
------------------------------------------------------------------- 
X          Y     Angle 
  8 	 254 	 46.00 
298 	  55 	 33.00 
 55 	  90 	 57.00 
126 	  58 	 8.00 
 59 	  28 	 60.00 
140 	  61 	 117.00 
 62 	 152 	 65.00 
298 	  66 	 1.00 
 68 	 116 	 69.00 
 43 	  72 	 182.00 
 74 	  48 	 74.00 
299 	  77 	 198.00 
 79 	   1 	 81.00 
 51 	  84 	 97.00 
 87 	 214 	 88.00 
192 	  90 	 1.00 
 91 	 209 	 95.00 
215 	  97 	 143.00 
 98 	   2 	 99.00 
230 	 104 	 86.00 
106 	  48 	 106.00 
171 	 109 	 63.00 
110 	  56 	 110.00 
233 	 112 	 194.00 
113 	  74 	 113.00 
140 	 114 	 209.00 
116 	  65 	 118.00 
202 	 123 	 149.00 
125 	  69 	 128.00 
153 	 129 	 236.00 
135 	 239 	 137.00 
298 	 139 	 220.00 
141 	 293 	 142.00 
 19 	 144 	 71.00 
145 	 221 	 149.00 
227 	 149 	 240.00 
155 	 227 	 156.00 
 99 	 156 	 196.00 
160 	 292 	 162.00 
  1 	 164 	 13.00 
167 	 215 	 170.00 
293 	 170 	 233.00 
173 	 280 	 173.00 
191 	 177 	 206.00 
178 	 232 	 180.00 
273 	 183 	 281.00 
185 	   4 	 186.00 
273 	 187 	 40.00 
190 	  84 	 196.00 
 86 	 202 	 68.00 
203 	   1 	 204.00 
 91 	 209 	 109.00 
210 	   1 	 215.00 
261 	 216 	 108.00 
225 	 127 	 231.00 
196 	 234 	 145.00 
235 	 187 	 238.00 
108 	 240 	 181.00 
241 	 125 	 242.00 
  1 	 242 	 79.00 
247 	 154 	 247.00 
162 	 249 	 76.00 
250 	  64 	 251.00 
137 	 252 	 1.00 
252 	 146 	 254.00 
129 	 256 	 68.00 
256 	 121 	 259.00 
112 	 262 	 95.00 
264 	   2 	 264.00 
 15 	 265 	 28.00 
265 	  44 	 285.00 
275 	 286 	 296.00 
298 	 291 	 ------------------------------------------------------------------- 
Bifurcations : 
------------------------------------------------------------------- 
X          Y     Angle 1     Angle 2    Angle 3 
 76 	 173 	 90.00 	 	 32.00 	 	 100.00 
 77 	 113 	 29.00 	 	 117.00 	 	 147.00 
120 	 117 	 126.00 	 	 132.00 	 	 131.00 
 41 	 141 	 32.00 	 	 140.00 	 	 38.00 
144 	 166 	 147.00 	 	 80.00 	 	 147.00 
144 	 148 	 11.00 	 	 149.00 	 	 29.00 
152 	 118 	 159.00 	 	 148.00 	 	 177.00 
 12 	 180 	 43.00 	 	 180.00 	 	 49.00 
188 	  33 	 191.00 	 	 99.00 	 	 203.00 
 30 	 220 	 63.00 	 	 223.00 	 	 169.00 
291 	 273 	 